FID;Z_Normalized;BLUE_N;GREEN_N;RED_N;NIR_N
1;0,986928105;0,402135231;0,34223301;0,194130926;0,203190596
2;0,986928105;0,402135231;0,34223301;0,194130926;0,203190596
3;0,967320261;0,402135231;0,34223301;0,194130926;0,203190596
4;0,967320261;0,402135231;0,34223301;0,194130926;0,203190596
5;0,980392157;0,402135231;0,34223301;0,194130926;0,203190596
6;0,960784314;0,402135231;0,34223301;0,194130926;0,203190596
7;0,967320261;0,402135231;0,34223301;0,194130926;0,203190596
8;0,934640523;0,402135231;0,34223301;0,194130926;0,203190596
9;0,928104575;0,402135231;0,34223301;0,194130926;0,203190596
10;0,947712418;0,306049822;0,526699029;0,35214447;0
11;0,908496732;0,306049822;0,526699029;0,35214447;0
12;0,941176471;0,306049822;0,526699029;0,35214447;0
13;0,941176471;0,306049822;0,526699029;0,35214447;0
14;0,91503268;0,306049822;0,526699029;0,35214447;0
15;0,869281046;0,306049822;0,526699029;0,35214447;0
16;0,888888889;0,306049822;0,526699029;0,35214447;0
17;0,849673203;0,306049822;0,526699029;0,35214447;0
18;0,869281046;0,306049822;0,526699029;0,35214447;0
19;0,875816993;0,306049822;0,526699029;0,35214447;0
20;0,816993464;0,306049822;0,526699029;0,35214447;0
21;0,836601307;0,306049822;0,526699029;0,35214447;0
22;0,836601307;0,306049822;0,526699029;0,35214447;0
23;0,836601307;0,306049822;0,526699029;0,35214447;0
24;0,810457516;0,306049822;0,526699029;0,35214447;0
25;0,790849673;0,306049822;0,526699029;0,35214447;0
26;0,790849673;0,306049822;0,526699029;0,35214447;0
27;0,784313725;0,306049822;0,526699029;0,35214447;0
28;0,77124183;0,306049822;0,526699029;0,35214447;0
29;0,77124183;0,306049822;0,526699029;0,35214447;0
30;0,790849673;0,306049822;0,526699029;0,35214447;0
31;0,816993464;0,306049822;0,526699029;0,35214447;0
32;0,777777778;0,306049822;0,526699029;0,35214447;0
33;0,797385621;0,306049822;0,526699029;0,35214447;0
34;0,738562092;0,306049822;0,526699029;0,35214447;0
35;0,823529412;0,306049822;0,526699029;0,35214447;0
36;0,745098039;0,306049822;0,526699029;0,35214447;0
37;0,745098039;0,306049822;0,526699029;0,35214447;0
38;0,738562092;0,306049822;0,526699029;0,35214447;0
39;0,732026144;0,306049822;0,526699029;0,35214447;0
40;0,712418301;0,306049822;0,526699029;0,35214447;0
41;0,745098039;0,306049822;0,526699029;0,35214447;0
42;0,725490196;0,306049822;0,526699029;0,35214447;0
43;0,745098039;0,306049822;0,526699029;0,35214447;0
44;0,732026144;0,306049822;0,526699029;0,35214447;0
45;0,758169935;0,306049822;0,526699029;0,35214447;0
46;0,718954248;0,306049822;0,526699029;0,35214447;0
47;0,732026144;0,306049822;0,526699029;0,35214447;0
48;0,732026144;0,306049822;0,526699029;0,35214447;0
49;0,764705882;0,306049822;0,526699029;0,35214447;0
50;0,764705882;0,306049822;0,526699029;0,35214447;0
51;0,692810458;0,306049822;0,526699029;0,35214447;0
52;0,764705882;0,306049822;0,526699029;0,35214447;0
53;0,673202614;0,306049822;0,526699029;0,35214447;0
54;0,718954248;0,306049822;0,526699029;0,35214447;0
55;0,679738562;0,306049822;0,526699029;0,35214447;0
56;0,679738562;0,306049822;0,526699029;0,35214447;0
57;0,679738562;0,306049822;0,526699029;0,35214447;0
58;0,718954248;0,306049822;0,526699029;0,35214447;0
59;0,712418301;0,306049822;0,526699029;0,35214447;0
60;0,712418301;0,306049822;0,526699029;0,35214447;0
61;0,294117647;0,195729537;0,546116505;0,241534989;0,848866499
62;0,31372549;0,195729537;0,546116505;0,241534989;0,848866499
63;0,31372549;0,195729537;0,546116505;0,241534989;0,848866499
64;0,307189542;0,195729537;0,546116505;0,241534989;0,848866499
65;0,307189542;0,195729537;0,546116505;0,241534989;0,848866499
66;0,294117647;0,195729537;0,546116505;0,241534989;0,848866499
67;0,307189542;0,195729537;0,546116505;0,241534989;0,848866499
68;0,307189542;0,195729537;0,546116505;0,241534989;0,848866499
69;0,300653595;0,195729537;0,546116505;0,241534989;0,848866499
70;0,294117647;0,195729537;0,546116505;0,241534989;0,848866499
71;0,294117647;0,195729537;0,546116505;0,241534989;0,848866499
72;0,287581699;0,195729537;0,546116505;0,241534989;0,848866499
73;0,307189542;0,195729537;0,546116505;0,241534989;0,848866499
74;0,294117647;0,195729537;0,546116505;0,241534989;0,848866499
75;0,294117647;0,195729537;0,546116505;0,241534989;0,848866499
76;0,294117647;0,195729537;0,546116505;0,241534989;0,848866499
77;0,287581699;0,195729537;0,546116505;0,241534989;0,848866499
78;0,281045752;0,195729537;0,546116505;0,241534989;0,848866499
79;0,300653595;0,195729537;0,546116505;0,241534989;0,848866499
80;0,294117647;0,195729537;0,546116505;0,241534989;0,848866499
81;0,274509804;0,195729537;0,546116505;0,241534989;0,848866499
82;0,274509804;0,195729537;0,546116505;0,241534989;0,848866499
83;0,31372549;0,195729537;0,546116505;0,241534989;0,848866499
84;0,281045752;0,195729537;0,546116505;0,241534989;0,848866499
85;0,274509804;0,195729537;0,546116505;0,241534989;0,848866499
86;0,274509804;0,195729537;0,546116505;0,241534989;0,848866499
87;0,281045752;0,195729537;0,546116505;0,241534989;0,848866499
88;0,261437908;0,195729537;0,546116505;0,241534989;0,848866499
89;0,281045752;0,377224199;0,533980583;0,239277652;0,742233417
90;0,281045752;0,377224199;0,533980583;0,239277652;0,742233417
91;0,261437908;0,377224199;0,533980583;0,239277652;0,742233417
92;0,281045752;0,377224199;0,533980583;0,239277652;0,742233417
93;0,267973856;0,377224199;0,533980583;0,239277652;0,742233417
94;0,261437908;0,377224199;0,533980583;0,239277652;0,742233417
95;0,267973856;0,377224199;0,533980583;0,239277652;0,742233417
96;0,267973856;0,377224199;0,533980583;0,239277652;0,742233417
97;0,254901961;0,377224199;0,533980583;0,239277652;0,742233417
98;0,267973856;0,377224199;0,533980583;0,239277652;0,742233417
99;0,267973856;0,377224199;0,533980583;0,239277652;0,742233417
100;0,261437908;0,377224199;0,533980583;0,239277652;0,742233417
101;0,248366013;0,377224199;0,533980583;0,239277652;0,742233417
102;0,254901961;0,377224199;0,533980583;0,239277652;0,742233417
103;0,254901961;0,377224199;0,533980583;0,239277652;0,742233417
104;0,248366013;0,377224199;0,533980583;0,239277652;0,742233417
105;0,254901961;0,377224199;0,533980583;0,239277652;0,742233417
106;0,235294118;0,377224199;0,533980583;0,239277652;0,742233417
107;0,22875817;0,377224199;0,533980583;0,239277652;0,742233417
108;0,22875817;0,377224199;0,533980583;0,239277652;0,742233417
109;0,248366013;0,377224199;0,533980583;0,239277652;0,742233417
110;0,31372549;0,377224199;0,533980583;0,239277652;0,742233417
111;0,274509804;0,377224199;0,533980583;0,239277652;0,742233417
112;0,333333333;0,377224199;0,533980583;0,239277652;0,742233417
113;0,22875817;0,377224199;0,533980583;0,239277652;0,742233417
114;0,241830065;0,377224199;0,533980583;0,239277652;0,742233417
115;0,254901961;0,377224199;0,533980583;0,239277652;0,742233417
116;0,235294118;0,377224199;0,533980583;0,239277652;0,742233417
117;0,235294118;0,377224199;0,533980583;0,239277652;0,742233417
118;0,235294118;0,377224199;0,533980583;0,239277652;0,742233417
119;0,241830065;0,377224199;0,533980583;0,239277652;0,742233417
120;0,215686275;0,377224199;0,533980583;0,239277652;0,742233417
121;0,274509804;0,195729537;0,546116505;0,241534989;0,848866499
122;0,274509804;0,195729537;0,546116505;0,241534989;0,848866499
123;0,274509804;0,195729537;0,546116505;0,241534989;0,848866499
124;0,274509804;0,195729537;0,546116505;0,241534989;0,848866499
125;0,960784314;0,402135231;0,34223301;0,194130926;0,203190596
126;0,941176471;0,683274021;0,708737864;0,735891648;0,398824517
127;0,941176471;0,683274021;0,708737864;0,735891648;0,398824517
128;0,941176471;0,683274021;0,708737864;0,735891648;0,398824517
129;0,941176471;0,683274021;0,708737864;0,735891648;0,398824517
130;0,928104575;0,683274021;0,708737864;0,735891648;0,398824517
131;0,928104575;0,683274021;0,708737864;0,735891648;0,398824517
132;0,928104575;0,683274021;0,708737864;0,735891648;0,398824517
133;0,928104575;0,683274021;0,708737864;0,735891648;0,398824517
134;0,928104575;0,683274021;0,708737864;0,735891648;0,398824517
135;0,928104575;0,683274021;0,708737864;0,735891648;0,398824517
136;0,928104575;0,683274021;0,708737864;0,735891648;0,398824517
137;0,921568627;0,683274021;0,708737864;0,735891648;0,398824517
138;0,921568627;0,683274021;0,708737864;0,735891648;0,398824517
139;0,91503268;0,683274021;0,708737864;0,735891648;0,398824517
140;0,91503268;0,683274021;0,708737864;0,735891648;0,398824517
141;0,91503268;0,683274021;0,708737864;0,735891648;0,398824517
142;0,921568627;0,683274021;0,708737864;0,735891648;0,398824517
143;0,921568627;0,683274021;0,708737864;0,735891648;0,398824517
144;0,928104575;0,683274021;0,708737864;0,735891648;0,398824517
145;0,928104575;0,683274021;0,708737864;0,735891648;0,398824517
146;0,928104575;0,683274021;0,708737864;0,735891648;0,398824517
147;0,934640523;0,683274021;0,708737864;0,735891648;0,398824517
148;0,934640523;0,683274021;0,708737864;0,735891648;0,398824517
149;0,941176471;0,683274021;0,708737864;0,735891648;0,398824517
150;0,941176471;0,683274021;0,708737864;0,735891648;0,398824517
151;0,947712418;0,683274021;0,708737864;0,735891648;0,398824517
152;0,941176471;0,683274021;0,708737864;0,735891648;0,398824517
153;0,941176471;0,683274021;0,708737864;0,735891648;0,398824517
154;0,921568627;0,683274021;0,708737864;0,735891648;0,398824517
155;0,934640523;0,683274021;0,708737864;0,735891648;0,398824517
156;0,934640523;0,683274021;0,708737864;0,735891648;0,398824517
157;0,934640523;0,683274021;0,708737864;0,735891648;0,398824517
158;0,928104575;0,683274021;0,708737864;0,735891648;0,398824517
159;0,928104575;0,683274021;0,708737864;0,735891648;0,398824517
160;0,934640523;0,683274021;0,708737864;0,735891648;0,398824517
161;0,941176471;0,672597865;0,725728155;0,803611738;0,248530647
162;0,954248366;0,672597865;0,725728155;0,803611738;0,248530647
163;0,960784314;0,672597865;0,725728155;0,803611738;0,248530647
164;0,967320261;0,672597865;0,725728155;0,803611738;0,248530647
165;0,967320261;0,672597865;0,725728155;0,803611738;0,248530647
166;0,967320261;0,672597865;0,725728155;0,803611738;0,248530647
167;0,967320261;0,672597865;0,725728155;0,803611738;0,248530647
168;0,967320261;0,672597865;0,725728155;0,803611738;0,248530647
169;0,967320261;0,672597865;0,725728155;0,803611738;0,248530647
170;0,973856209;0,672597865;0,725728155;0,803611738;0,248530647
171;0,973856209;0,672597865;0,725728155;0,803611738;0,248530647
172;0,973856209;0,672597865;0,725728155;0,803611738;0,248530647
173;0,980392157;0,672597865;0,725728155;0,803611738;0,248530647
174;0,980392157;0,672597865;0,725728155;0,803611738;0,248530647
175;0,980392157;0,672597865;0,725728155;0,803611738;0,248530647
176;0,980392157;0,672597865;0,725728155;0,803611738;0,248530647
177;0,980392157;0,672597865;0,725728155;0,803611738;0,248530647
178;0,980392157;0,672597865;0,725728155;0,803611738;0,248530647
179;0,980392157;0,672597865;0,725728155;0,803611738;0,248530647
180;0,980392157;0,672597865;0,725728155;0,803611738;0,248530647
181;0,980392157;0,672597865;0,725728155;0,803611738;0,248530647
182;0,993464052;0,672597865;0,725728155;0,803611738;0,248530647
183;1;0,672597865;0,725728155;0,803611738;0,248530647
184;1;0,672597865;0,725728155;0,803611738;0,248530647
185;1;0,672597865;0,725728155;0,803611738;0,248530647
186;0,993464052;0,672597865;0,725728155;0,803611738;0,248530647
187;0,993464052;0,672597865;0,725728155;0,803611738;0,248530647
188;0,986928105;0,672597865;0,725728155;0,803611738;0,248530647
189;0,980392157;0,672597865;0,725728155;0,803611738;0,248530647
190;0,986928105;0,672597865;0,725728155;0,803611738;0,248530647
191;0,986928105;0,672597865;0,725728155;0,803611738;0,248530647
192;0,980392157;0,672597865;0,725728155;0,803611738;0,248530647
193;0,973856209;0,672597865;0,725728155;0,803611738;0,248530647
194;0,967320261;0,672597865;0,725728155;0,803611738;0,248530647
195;0,960784314;0,672597865;0,725728155;0,803611738;0,248530647
196;0,954248366;0,672597865;0,725728155;0,803611738;0,248530647
197;0,947712418;0,672597865;0,725728155;0,803611738;0,248530647
198;0,947712418;0,672597865;0,725728155;0,803611738;0,248530647
199;0,947712418;0,672597865;0,725728155;0,803611738;0,248530647
200;0,954248366;0,672597865;0,725728155;0,803611738;0,248530647
201;0,954248366;0,672597865;0,725728155;0,803611738;0,248530647
202;0,960784314;0,672597865;0,725728155;0,803611738;0,248530647
203;0,960784314;0,672597865;0,725728155;0,803611738;0,248530647
204;0,960784314;0,672597865;0,725728155;0,803611738;0,248530647
205;0,967320261;0,672597865;0,725728155;0,803611738;0,248530647
206;0,973856209;0,672597865;0,725728155;0,803611738;0,248530647
207;0,973856209;0,672597865;0,725728155;0,803611738;0,248530647
208;0,980392157;0,672597865;0,725728155;0,803611738;0,248530647
209;0,581699346;0,145907473;0,504854369;0,442437923;0,418975651
210;0,509803922;0,145907473;0,504854369;0,442437923;0,418975651
211;0,54248366;0,145907473;0,504854369;0,442437923;0,418975651
212;0,568627451;0,145907473;0,504854369;0,442437923;0,418975651
213;0,60130719;0,145907473;0,504854369;0,442437923;0,418975651
214;0,62745098;0,145907473;0,504854369;0,442437923;0,418975651
215;0,660130719;0,145907473;0,504854369;0,442437923;0,418975651
216;0,751633987;0,145907473;0,504854369;0,442437923;0,418975651
217;0,843137255;0,145907473;0,504854369;0,442437923;0,418975651
218;0,862745098;0,960854093;1;1;0,577665827
219;0,836601307;0,960854093;1;1;0,577665827
220;0,823529412;0,960854093;1;1;0,577665827
221;0,823529412;0,960854093;1;1;0,577665827
222;0,830065359;0,960854093;1;1;0,577665827
223;0,836601307;0,960854093;1;1;0,577665827
224;0,849673203;0,960854093;1;1;0,577665827
225;0,830065359;0,960854093;1;1;0,577665827
226;0,849673203;0,960854093;1;1;0,577665827
227;0,836601307;0,960854093;1;1;0,577665827
228;0,823529412;0,960854093;1;1;0,577665827
229;0,823529412;0,960854093;1;1;0,577665827
230;0,823529412;0,960854093;1;1;0,577665827
231;0,849673203;0,960854093;1;1;0,577665827
232;0,777777778;0,960854093;1;1;0,577665827
233;0,849673203;0,960854093;1;1;0,577665827
234;0,810457516;0,960854093;1;1;0,577665827
235;0,777777778;0,960854093;1;1;0,577665827
236;0,830065359;0,960854093;1;1;0,577665827
237;0,816993464;0,960854093;1;1;0,577665827
238;0,777777778;0,960854093;1;1;0,577665827
239;0,790849673;0,960854093;1;1;0,577665827
240;0,77124183;0,960854093;1;1;0,577665827
241;0,823529412;0,960854093;1;1;0,577665827
242;0,758169935;0,960854093;1;1;0,577665827
243;0,54248366;1;0,878640777;0,76523702;0,685138539
244;0,54248366;1;0,878640777;0,76523702;0,685138539
245;0,509803922;1;0,878640777;0,76523702;0,685138539
246;0,509803922;1;0,878640777;0,76523702;0,685138539
247;0,163398693;0,971530249;0,924757282;0,966139955;1
248;0,156862745;0,971530249;0,924757282;0,966139955;1
249;0,163398693;0,971530249;0,924757282;0,966139955;1
250;0,163398693;0,971530249;0,924757282;0,966139955;1
251;0,14379085;0,971530249;0,924757282;0,966139955;1
252;0,163398693;0,971530249;0,924757282;0,966139955;1
253;0,163398693;0,971530249;0,924757282;0,966139955;1
254;0,163398693;0,971530249;0,924757282;0,966139955;1
255;0,156862745;0,971530249;0,924757282;0,966139955;1
256;0,163398693;0,971530249;0,924757282;0,966139955;1
257;0,169934641;0,971530249;0,924757282;0,966139955;1
258;0,14379085;0,971530249;0,924757282;0,966139955;1
259;0,14379085;0,971530249;0,924757282;0,966139955;1
260;0,14379085;0,971530249;0,924757282;0,966139955;1
261;0,14379085;0,971530249;0,924757282;0,966139955;1
262;0,14379085;0,971530249;0,924757282;0,966139955;1
263;0,14379085;0,971530249;0,924757282;0,966139955;1
264;0,14379085;0,971530249;0,924757282;0,966139955;1
265;0,14379085;0,971530249;0,924757282;0,966139955;1
266;0,14379085;0,971530249;0,924757282;0,966139955;1
267;0,14379085;0,971530249;0,924757282;0,966139955;1
268;0,14379085;0,971530249;0,924757282;0,966139955;1
269;0,14379085;0,971530249;0,924757282;0,966139955;1
270;0,14379085;0,971530249;0,924757282;0,966139955;1
271;0,14379085;0,971530249;0,924757282;0,966139955;1
272;0,14379085;0,971530249;0,924757282;0,966139955;1
273;0,137254902;0,971530249;0,924757282;0,966139955;1
274;0,137254902;0,971530249;0,924757282;0,966139955;1
275;0,137254902;0,971530249;0,924757282;0,966139955;1
276;0,137254902;0,971530249;0,924757282;0,966139955;1
277;0,137254902;0,971530249;0,924757282;0,966139955;1
278;0,137254902;0,971530249;0,924757282;0,966139955;1
279;0,137254902;0,971530249;0,924757282;0,966139955;1
280;0,124183007;0,971530249;0,924757282;0,966139955;1
281;0,117647059;0,971530249;0,924757282;0,966139955;1
282;0,117647059;0,971530249;0,924757282;0,966139955;1
283;0,117647059;0,971530249;0,924757282;0,966139955;1
284;0,124183007;0,971530249;0,924757282;0,966139955;1
285;0,117647059;0,971530249;0,924757282;0,966139955;1
286;0,117647059;0,971530249;0,924757282;0,966139955;1
287;0,117647059;0,971530249;0,924757282;0,966139955;1
288;0,117647059;0,971530249;0,924757282;0,966139955;1
289;0,124183007;0,971530249;0,924757282;0,966139955;1
290;0,124183007;0,971530249;0,924757282;0,966139955;1
291;0,117647059;0,971530249;0,924757282;0,966139955;1
292;0,117647059;0,971530249;0,924757282;0,966139955;1
293;0,104575163;0,971530249;0,924757282;0,966139955;1
294;0,130718954;0,971530249;0,924757282;0,966139955;1
295;0,130718954;0,971530249;0,924757282;0,966139955;1
296;0,176470588;0,971530249;0,924757282;0,966139955;1
297;0,176470588;0,971530249;0,924757282;0,966139955;1
298;0,111111111;0,971530249;0,924757282;0,966139955;1
299;0,163398693;0,971530249;0,924757282;0,966139955;1
300;0,169934641;0,971530249;0,924757282;0,966139955;1
301;0,124183007;0,971530249;0,924757282;0,966139955;1
302;0;0,099644128;0,063106796;0,027088036;0,787573468
303;0;0,099644128;0,063106796;0,027088036;0,787573468
304;0,006535948;0,099644128;0,063106796;0,027088036;0,787573468
305;0,013071895;0,099644128;0,063106796;0,027088036;0,787573468
306;0,019607843;0,099644128;0,063106796;0,027088036;0,787573468
307;0,013071895;0,099644128;0,063106796;0,027088036;0,787573468
308;0,013071895;0,099644128;0,063106796;0,027088036;0,787573468
309;0,006535948;0,099644128;0,063106796;0,027088036;0,787573468
310;0,006535948;0,099644128;0,063106796;0,027088036;0,787573468
311;0,019607843;0,099644128;0,063106796;0,027088036;0,787573468
312;0,019607843;0,099644128;0,063106796;0,027088036;0,787573468
313;0,019607843;0,099644128;0,063106796;0,027088036;0,787573468
314;0,019607843;0,099644128;0,063106796;0,027088036;0,787573468
315;0,026143791;0,099644128;0,063106796;0,027088036;0,787573468
316;0,026143791;0,099644128;0,063106796;0,027088036;0,787573468
317;0,026143791;0,099644128;0,063106796;0,027088036;0,787573468
318;0,026143791;0,099644128;0,063106796;0,027088036;0,787573468
319;0,026143791;0,099644128;0,063106796;0,027088036;0,787573468
320;0,026143791;0,099644128;0,063106796;0,027088036;0,787573468
321;0,026143791;0,099644128;0,063106796;0,027088036;0,787573468
322;0,026143791;0,099644128;0,063106796;0,027088036;0,787573468
323;0,026143791;0,099644128;0,063106796;0,027088036;0,787573468
324;0,026143791;0,099644128;0,063106796;0,027088036;0,787573468
325;0,026143791;0,099644128;0,063106796;0,027088036;0,787573468
326;0,026143791;0,099644128;0,063106796;0,027088036;0,787573468
327;0,026143791;0,099644128;0,063106796;0,027088036;0,787573468
328;0,026143791;0,099644128;0,063106796;0,027088036;0,787573468
329;0,019607843;0,099644128;0,063106796;0,027088036;0,787573468
330;0,019607843;0,099644128;0,063106796;0,027088036;0,787573468
331;0,019607843;0,099644128;0,063106796;0,027088036;0,787573468
332;0,026143791;0,099644128;0,063106796;0,027088036;0,787573468
333;0,026143791;0,099644128;0,063106796;0,027088036;0,787573468
334;0,026143791;0,099644128;0,063106796;0,027088036;0,787573468
335;0,026143791;0,099644128;0,063106796;0,027088036;0,787573468
336;0,019607843;0,099644128;0,063106796;0,027088036;0,787573468
337;0,019607843;0,099644128;0,063106796;0,027088036;0,787573468
338;0,032679739;0,099644128;0,063106796;0,027088036;0,787573468
339;0,039215686;0,099644128;0,063106796;0,027088036;0,787573468
340;0,026143791;0,099644128;0,063106796;0,027088036;0,787573468
341;0,026143791;0,099644128;0,063106796;0,027088036;0,787573468
342;0,032679739;0,099644128;0,063106796;0,027088036;0,787573468
343;0,104575163;0;0;0;0,680100756
344;0,104575163;0;0;0;0,680100756
345;0,104575163;0;0;0;0,680100756
346;0,104575163;0;0;0;0,680100756
347;0,104575163;0;0;0;0,680100756
348;0,104575163;0;0;0;0,680100756
349;0,104575163;0;0;0;0,680100756
350;0,111111111;0;0;0;0,680100756
351;0,111111111;0;0;0;0,680100756
352;0,111111111;0;0;0;0,680100756
353;0,111111111;0;0;0;0,680100756
354;0,111111111;0;0;0;0,680100756
355;0,111111111;0;0;0;0,680100756
356;0,111111111;0;0;0;0,680100756
357;0,117647059;0;0;0;0,680100756
